56
1.700000 0.000000 1.000000
1.553027 0.691452 1.000000
1.137522 1.263346 1.000000
1.700000 0.000000 1.000000
1.137522 1.263346 1.000000
0.525329 1.616796 1.000000
1.700000 0.000000 1.000000
0.525329 1.616796 1.000000
-0.177698 1.690687 1.000000
1.700000 0.000000 1.000000
-0.177698 1.690687 1.000000
-0.849999 1.472244 1.000000
1.700000 0.000000 1.000000
-0.849999 1.472244 1.000000
-1.375328 0.999236 1.000000
1.700000 0.000000 1.000000
-1.375328 0.999236 1.000000
-1.662851 0.353451 1.000000
1.700000 0.000000 1.000000
-1.662851 0.353451 1.000000
-1.662851 -0.353449 1.000000
1.700000 0.000000 1.000000
-1.662851 -0.353449 1.000000
-1.375330 -0.999234 1.000000
1.700000 0.000000 1.000000
-1.375330 -0.999234 1.000000
-0.850001 -1.472242 1.000000
1.700000 0.000000 1.000000
-0.850001 -1.472242 1.000000
-0.177700 -1.690687 1.000000
1.700000 0.000000 1.000000
-0.177700 -1.690687 1.000000
0.525327 -1.616797 1.000000
1.700000 0.000000 1.000000
0.525327 -1.616797 1.000000
1.137521 -1.263348 1.000000
1.700000 0.000000 1.000000
1.137521 -1.263348 1.000000
1.553026 -0.691454 1.000000
1.553026 -0.691454 -1.000000
1.137521 -1.263348 -1.000000
0.525327 -1.616797 -1.000000
1.553026 -0.691454 -1.000000
0.525327 -1.616797 -1.000000
-0.177700 -1.690687 -1.000000
1.553026 -0.691454 -1.000000
-0.177700 -1.690687 -1.000000
-0.850001 -1.472242 -1.000000
1.553026 -0.691454 -1.000000
-0.850001 -1.472242 -1.000000
-1.375330 -0.999234 -1.000000
1.553026 -0.691454 -1.000000
-1.375330 -0.999234 -1.000000
-1.662851 -0.353449 -1.000000
1.553026 -0.691454 -1.000000
-1.662851 -0.353449 -1.000000
-1.662851 0.353451 -1.000000
1.553026 -0.691454 -1.000000
-1.662851 0.353451 -1.000000
-1.375328 0.999236 -1.000000
1.553026 -0.691454 -1.000000
-1.375328 0.999236 -1.000000
-0.849999 1.472244 -1.000000
1.553026 -0.691454 -1.000000
-0.849999 1.472244 -1.000000
-0.177698 1.690687 -1.000000
1.553026 -0.691454 -1.000000
-0.177698 1.690687 -1.000000
0.525329 1.616796 -1.000000
1.553026 -0.691454 -1.000000
0.525329 1.616796 -1.000000
1.137522 1.263346 -1.000000
1.553026 -0.691454 -1.000000
1.137522 1.263346 -1.000000
1.553027 0.691452 -1.000000
1.553026 -0.691454 -1.000000
1.553027 0.691452 -1.000000
1.700000 0.000000 -1.000000
1.700000 0.000000 1.000000
1.700000 0.000000 -1.000000
1.553027 0.691452 -1.000000
1.700000 0.000000 1.000000
1.553027 0.691452 -1.000000
1.553027 0.691452 1.000000
1.553027 0.691452 1.000000
1.553027 0.691452 -1.000000
1.137522 1.263346 -1.000000
1.553027 0.691452 1.000000
1.137522 1.263346 -1.000000
1.137522 1.263346 1.000000
1.137522 1.263346 1.000000
1.137522 1.263346 -1.000000
0.525329 1.616796 -1.000000
1.137522 1.263346 1.000000
0.525329 1.616796 -1.000000
0.525329 1.616796 1.000000
0.525329 1.616796 1.000000
0.525329 1.616796 -1.000000
-0.177698 1.690687 -1.000000
0.525329 1.616796 1.000000
-0.177698 1.690687 -1.000000
-0.177698 1.690687 1.000000
-0.177698 1.690687 1.000000
-0.177698 1.690687 -1.000000
-0.849999 1.472244 -1.000000
-0.177698 1.690687 1.000000
-0.849999 1.472244 -1.000000
-0.849999 1.472244 1.000000
-0.849999 1.472244 1.000000
-0.849999 1.472244 -1.000000
-1.375328 0.999236 -1.000000
-0.849999 1.472244 1.000000
-1.375328 0.999236 -1.000000
-1.375328 0.999236 1.000000
-1.375328 0.999236 1.000000
-1.375328 0.999236 -1.000000
-1.662851 0.353451 -1.000000
-1.375328 0.999236 1.000000
-1.662851 0.353451 -1.000000
-1.662851 0.353451 1.000000
-1.662851 0.353451 1.000000
-1.662851 0.353451 -1.000000
-1.662851 -0.353449 -1.000000
-1.662851 0.353451 1.000000
-1.662851 -0.353449 -1.000000
-1.662851 -0.353449 1.000000
-1.662851 -0.353449 1.000000
-1.662851 -0.353449 -1.000000
-1.375330 -0.999234 -1.000000
-1.662851 -0.353449 1.000000
-1.375330 -0.999234 -1.000000
-1.375330 -0.999234 1.000000
-1.375330 -0.999234 1.000000
-1.375330 -0.999234 -1.000000
-0.850001 -1.472242 -1.000000
-1.375330 -0.999234 1.000000
-0.850001 -1.472242 -1.000000
-0.850001 -1.472242 1.000000
-0.850001 -1.472242 1.000000
-0.850001 -1.472242 -1.000000
-0.177700 -1.690687 -1.000000
-0.850001 -1.472242 1.000000
-0.177700 -1.690687 -1.000000
-0.177700 -1.690687 1.000000
-0.177700 -1.690687 1.000000
-0.177700 -1.690687 -1.000000
0.525327 -1.616797 -1.000000
-0.177700 -1.690687 1.000000
0.525327 -1.616797 -1.000000
0.525327 -1.616797 1.000000
0.525327 -1.616797 1.000000
0.525327 -1.616797 -1.000000
1.137521 -1.263348 -1.000000
0.525327 -1.616797 1.000000
1.137521 -1.263348 -1.000000
1.137521 -1.263348 1.000000
1.137521 -1.263348 1.000000
1.137521 -1.263348 -1.000000
1.553026 -0.691454 -1.000000
1.137521 -1.263348 1.000000
1.553026 -0.691454 -1.000000
1.553026 -0.691454 1.000000
1.553026 -0.691454 1.000000
1.553026 -0.691454 -1.000000
1.700000 0.000000 -1.000000
1.553026 -0.691454 1.000000
1.700000 0.000000 -1.000000
1.700000 0.000000 1.000000

