16
0.200000 0.000000 0.500000
0.061803 0.190211 0.500000
-0.161803 0.117557 0.500000
0.200000 0.000000 0.500000
-0.161803 0.117557 0.500000
-0.161803 -0.117557 0.500000
0.200000 0.000000 0.500000
-0.161803 -0.117557 0.500000
0.061803 -0.190211 0.500000
0.061803 -0.190211 -0.500000
-0.161803 -0.117557 -0.500000
-0.161803 0.117557 -0.500000
0.061803 -0.190211 -0.500000 
-0.161803 0.117557 -0.500000
0.061803 0.190211 -0.500000
0.061803 -0.190211 -0.500000 
0.061803 0.190211 -0.500000
0.200000 0.000000 -0.500000
0.200000 0.000000 0.500000
0.200000 0.000000 -0.500000
0.061803 0.190211 -0.500000
0.200000 0.000000 0.500000
0.061803 0.190211 -0.500000
0.061803 0.190211 0.500000
0.061803 0.190211 0.500000
0.061803 0.190211 -0.500000
-0.161803 0.117557 -0.500000
0.061803 0.190211 0.500000
-0.161803 0.117557 -0.500000
-0.161803 0.117557 0.500000
-0.161803 0.117557 0.500000
-0.161803 0.117557 -0.500000
-0.161803 -0.117557 -0.500000
-0.161803 0.117557 0.500000
-0.161803 -0.117557 -0.500000
-0.161803 -0.117557 0.500000
-0.161803 -0.117557 0.500000
-0.161803 -0.117557 -0.500000
0.061803 -0.190211 -0.500000
-0.161803 -0.117557 0.500000
0.061803 -0.190211 -0.500000
0.061803 -0.190211 0.500000
0.061803 -0.190211 0.500000
0.061803 -0.190211 -0.500000
0.200000 0.000000 -0.500000
0.061803 -0.190211 0.500000
0.200000 0.000000 -0.500000
0.200000 0.000000 0.500000
