62
5.000000 0.000000 4.500000
3.800000 3.200000 4.500000
1.800000 0.000000 4.500000
0.000000 3.200000 4.500000
1.800000 0.000000 4.500000
3.800000 3.200000 4.500000
0.000000 3.200000 4.500000
-3.800000 3.200000 4.500000
-1.800000 0.000000 4.500000
-1.800000 0.000000 4.500000
-3.800000 3.200000 4.500000
-5.000000 0.000000 4.500000
-5.000000 0.000000 4.500000
-8.200000 -0.800000 4.500000
-5.200000 -1.800000 4.500000
-5.200000 -1.800000 4.500000
-8.200000 -0.800000 4.500000
-8.500000 -3.200000 4.500000
-5.200000 -1.800000 4.500000
-8.500000 -3.200000 4.500000
-5.800000 -3.200000 4.500000
-3.900000 -1.400000 4.500000
-5.000000 0.000000 4.500000
-5.200000 -1.800000 4.500000
-1.800000 0.000000 4.500000
-5.000000 0.000000 4.500000
-3.900000 -1.400000 4.500000
-1.800000 0.000000 4.500000
-3.900000 -1.400000 4.500000
-2.600000 -1.800000 4.500000
1.800000 0.000000 4.500000
0.000000 3.200000 4.500000
-1.800000 0.000000 4.500000
0.000000 -1.800000 4.500000
-1.800000 0.000000 4.500000
-2.600000 -1.800000 4.500000
0.000000 -1.800000 4.500000
-2.600000 -1.800000 4.500000
-2.000000 -3.200000 4.500000
2.000000 -3.200000 4.500000
0.000000 -1.800000 4.500000
-2.000000 -3.200000 4.500000
2.600000 -1.800000 4.500000
0.000000 -1.800000 4.500000
2.000000 -3.200000 4.500000
1.800000 0.000000 4.500000
0.000000 -1.800000 4.500000
2.600000 -1.800000 4.500000
1.800000 0.000000 4.500000
-1.800000 0.000000 4.500000
0.000000 -1.800000 4.500000
3.900000 -1.400000 4.500000
1.800000 0.000000 4.500000
2.600000 -1.800000 4.500000
5.000000 0.000000 4.500000
1.800000 0.000000 4.500000
3.900000 -1.400000 4.500000
5.000000 0.000000 4.500000
3.900000 -1.400000 4.500000
5.200000 -1.800000 4.500000
5.000000 0.000000 4.500000
5.200000 -1.800000 4.500000
8.200000 0.000000 4.500000
8.200000 0.000000 4.500000
5.200000 -1.800000 4.500000
8.200000 -3.200000 4.500000
8.200000 -3.200000 4.500000
5.200000 -1.800000 4.500000
5.800000 -3.200000 4.500000
1.800000 0.000000 -4.500000
3.800000 3.200000 -4.500000
5.000000 0.000000 -4.500000
3.800000 3.200000 -4.500000
1.800000 0.000000 -4.500000
0.000000 3.200000 -4.500000
-1.800000 0.000000 -4.500000
-3.800000 3.200000 -4.500000
0.000000 3.200000 -4.500000
-5.000000 0.000000 -4.500000
-3.800000 3.200000 -4.500000
-1.800000 0.000000 -4.500000
-5.200000 -1.800000 -4.500000
-8.200000 -0.800000 -4.500000
-5.000000 0.000000 -4.500000
-8.500000 -3.200000 -4.500000
-8.200000 -0.800000 -4.500000
-5.200000 -1.800000 -4.500000
-5.800000 -3.200000 -4.500000
-8.500000 -3.200000 -4.500000
-5.200000 -1.800000 -4.500000
-5.200000 -1.800000 -4.500000
-5.000000 0.000000 -4.500000
-3.900000 -1.400000 -4.500000
-3.900000 -1.400000 -4.500000
-5.000000 0.000000 -4.500000
-1.800000 0.000000 -4.500000
-2.600000 -1.800000 -4.500000
-3.900000 -1.400000 -4.500000
-1.800000 0.000000 -4.500000
-1.800000 0.000000 -4.500000
0.000000 3.200000 -4.500000
1.800000 0.000000 -4.500000
-2.600000 -1.800000 -4.500000
-1.800000 0.000000 -4.500000
0.000000 -1.800000 -4.500000
-2.000000 -3.200000 -4.500000
-2.600000 -1.800000 -4.500000
0.000000 -1.800000 -4.500000
-2.000000 -3.200000 -4.500000
0.000000 -1.800000 -4.500000
2.000000 -3.200000 -4.500000
2.000000 -3.200000 -4.500000
0.000000 -1.800000 -4.500000
2.600000 -1.800000 -4.500000
2.600000 -1.800000 -4.500000
0.000000 -1.800000 -4.500000
1.800000 0.000000 -4.500000
0.000000 -1.800000 -4.500000
-1.800000 0.000000 -4.500000
1.800000 0.000000 -4.500000
2.600000 -1.800000 -4.500000
1.800000 0.000000 -4.500000
3.900000 -1.400000 -4.500000
3.900000 -1.400000 -4.500000
1.800000 0.000000 -4.500000
5.000000 0.000000 -4.500000
5.200000 -1.800000 -4.500000
3.900000 -1.400000 -4.500000
5.000000 0.000000 -4.500000
8.200000 0.000000 -4.500000
5.200000 -1.800000 -4.500000
5.000000 0.000000 -4.500000
8.200000 -3.200000 -4.500000
5.200000 -1.800000 -4.500000
8.200000 0.000000 -4.500000
5.800000 -3.200000 -4.500000
5.200000 -1.800000 -4.500000
8.200000 -3.200000 -4.500000
8.200000 -3.200000 4.500000
8.200000 -3.200000 -4.500000
8.200000 0.000000 -4.500000
8.200000 -3.200000 4.500000
8.200000 0.000000 -4.500000
8.200000 0.000000 4.500000
8.200000 0.000000 4.500000
8.200000 0.000000 -4.500000
5.000000 0.000000 -4.500000
8.200000 0.000000 4.500000
5.000000 0.000000 -4.500000
5.000000 0.000000 4.500000
5.000000 0.000000 4.500000
5.000000 0.000000 -4.500000
3.800000 3.200000 -4.500000
5.000000 0.000000 4.500000
3.800000 3.200000 -4.500000
3.800000 3.200000 4.500000
3.800000 3.200000 4.500000
3.800000 3.200000 -4.500000
0.000000 3.200000 -4.500000
3.800000 3.200000 4.500000
0.000000 3.200000 -4.500000
0.000000 3.200000 4.500000
0.000000 3.200000 4.500000
0.000000 3.200000 -4.500000
-3.800000 3.200000 -4.500000
0.000000 3.200000 4.500000
-3.800000 3.200000 -4.500000
-3.800000 3.200000 4.500000
-3.800000 3.200000 4.500000
-3.800000 3.200000 -4.500000
-5.000000 0.000000 -4.500000
-3.800000 3.200000 4.500000
-5.000000 0.000000 -4.500000
-5.000000 0.000000 4.500000
-5.000000 0.000000 4.500000
-5.000000 0.000000 -4.500000
-8.200000 -0.800000 -4.500000
-5.000000 0.000000 4.500000
-8.200000 -0.800000 -4.500000
-8.200000 -0.800000 4.500000
-8.200000 -0.800000 4.500000
-8.200000 -0.800000 -4.500000
-8.500000 -3.200000 -4.500000
-8.200000 -0.800000 4.500000
-8.500000 -3.200000 -4.500000
-8.500000 -3.200000 4.500000
