751
-28.251429 0.0 -20.022858
-28.219334 0.0 -19.882568
-28.187028 0.0 -19.742350
-28.154583 0.0 -19.602505
-28.121891 0.0 -19.462587
-28.089057 0.0 -19.323048
-28.056011 0.0 -19.183592
-28.022788 0.0 -19.044371
-27.989350 0.0 -18.905239
-27.955734 0.0 -18.766348
-27.921938 0.0 -18.627701
-27.887927 0.0 -18.489153
-27.853699 0.0 -18.350710
-27.819254 0.0 -18.212376
-27.784698 0.0 -18.074583
-27.749853 0.0 -17.936619
-27.714861 0.0 -17.799059
-27.679575 0.0 -17.661337
-27.644178 0.0 -17.524164
-27.608561 0.0 -17.387121
-27.572721 0.0 -17.250212
-27.536659 0.0 -17.113436
-27.500373 0.0 -16.976801
-27.463900 0.0 -16.840450
-27.427201 0.0 -16.704245
-27.390315 0.0 -16.568329
-27.353165 0.0 -16.432430
-27.315787 0.0 -16.296692
-27.278219 0.0 -16.161251
-27.240461 0.0 -16.026110
-27.202397 0.0 -15.890871
-27.164142 0.0 -15.755939
-27.125692 0.0 -15.621321
-27.087012 0.0 -15.486881
-27.048061 0.0 -15.352495
-27.008878 0.0 -15.218300
-26.969460 0.0 -15.084297
-26.929806 0.0 -14.950493
-26.889996 0.0 -14.817150
-26.849871 0.0 -14.683750
-26.809548 0.0 -14.550690
-26.768909 0.0 -14.417587
-26.728110 0.0 -14.284956
-26.686954 0.0 -14.152164
-26.645636 0.0 -14.019854
-26.604077 0.0 -13.887772
-26.562237 0.0 -13.755796
-26.520154 0.0 -13.624060
-26.477827 0.0 -13.492565
-26.435217 0.0 -13.361193
-26.392321 0.0 -13.229948
-26.349219 0.0 -13.099081
-26.305790 0.0 -12.968229
-26.262194 0.0 -12.837885
-26.218228 0.0 -12.707443
-26.174012 0.0 -12.577276
-26.129587 0.0 -12.447506
-26.084788 0.0 -12.317657
-26.039821 0.0 -12.188334
-25.994558 0.0 -12.059179
-25.948918 0.0 -11.929968
-25.903065 0.0 -11.801172
-25.856956 0.0 -11.672680
-25.810551 0.0 -11.544380
-25.763803 0.0 -11.416162
-25.716841 0.0 -11.288378
-25.669493 0.0 -11.160570
-25.621927 0.0 -11.033205
-25.574016 0.0 -10.905945
-25.525801 0.0 -10.778908
-25.477324 0.0 -10.652212
-25.428540 0.0 -10.525751
-25.379364 0.0 -10.399309
-25.329966 0.0 -10.273333
-25.280258 0.0 -10.147604
-25.230154 0.0 -10.021917
-25.179825 0.0 -9.896708
-25.129097 0.0 -9.771549
-25.078098 0.0 -9.646772
-25.026786 0.0 -9.522272
-24.975071 0.0 -9.397846
-24.923082 0.0 -9.273815
-24.870776 0.0 -9.150078
-24.818107 0.0 -9.026537
-24.765118 0.0 -8.903303
-24.711763 0.0 -8.780279
-24.657998 0.0 -8.657370
-24.603954 0.0 -8.534887
-24.549541 0.0 -8.412634
-24.494802 0.0 -8.290716
-24.439826 0.0 -8.169338
-24.384343 0.0 -8.047909
-24.328531 0.0 -7.926834
-24.272299 0.0 -7.805923
-24.215735 0.0 -7.685379
-24.158793 0.0 -7.565109
-24.101519 0.0 -7.445221
-24.043863 0.0 -7.325615
-23.985781 0.0 -7.206211
-23.927361 0.0 -7.087204
-23.868511 0.0 -6.968410
-23.809320 0.0 -6.850025
-23.749744 0.0 -6.731960
-23.689735 0.0 -6.614136
-23.629335 0.0 -6.496643
-23.568497 0.0 -6.379406
-23.507362 0.0 -6.262699
-23.445692 0.0 -6.146076
-23.383722 0.0 -6.029999
-23.321308 0.0 -5.914200
-23.258451 0.0 -5.798695
-23.195242 0.0 -5.683655
-23.131586 0.0 -5.568920
-23.067387 0.0 -5.454330
-23.002831 0.0 -5.340233
-22.937920 0.0 -5.226627
-22.872459 0.0 -5.113194
-22.806593 0.0 -5.000187
-22.740318 0.0 -4.887611
-22.673635 0.0 -4.775478
-22.606443 0.0 -4.663631
-22.538694 0.0 -4.551998
-22.470678 0.0 -4.441071
-22.402102 0.0 -4.330372
-22.333059 0.0 -4.220070
-22.263649 0.0 -4.110332
-22.193674 0.0 -4.000854
-22.123327 0.0 -3.891949
-22.052313 0.0 -3.783169
-21.980923 0.0 -3.674984
-21.909111 0.0 -3.567314
-21.836824 0.0 -3.460098
-21.764011 0.0 -3.353271
-21.690720 0.0 -3.246910
-21.616848 0.0 -3.140881
-21.542597 0.0 -3.035484
-21.467863 0.0 -2.930576
-21.392546 0.0 -2.826027
-21.316742 0.0 -2.721989
-21.240452 0.0 -2.618462
-21.163675 0.0 -2.515461
-21.086205 0.0 -2.412720
-21.008345 0.0 -2.310654
-20.930044 0.0 -2.209202
-20.851147 0.0 -2.108173
-20.771807 0.0 -2.007771
-20.691868 0.0 -1.907806
-20.611431 0.0 -1.808422
-20.530495 0.0 -1.709618
-20.449060 0.0 -1.611408
-20.367020 0.0 -1.513672
-20.284475 0.0 -1.416542
-20.201427 0.0 -1.320023
-20.117664 0.0 -1.223888
-20.033501 0.0 -1.128498
-19.948828 0.0 -1.033749
-19.863647 0.0 -0.939636
-19.777849 0.0 -0.846062
-19.691542 0.0 -0.753139
-19.604721 0.0 -0.660881
-19.517172 0.0 -0.569069
-19.429323 0.0 -0.478153
-19.340853 0.0 -0.387814
-19.251863 0.0 -0.298161
-19.162142 0.0 -0.208988
-19.072117 0.0 -0.120731
-18.981464 0.0 -0.033077
-18.890181 0.0 0.053967
-18.798485 0.0 0.140186
-18.706266 0.0 0.225681
-18.613306 0.0 0.310646
-18.520039 0.0 0.394676
-18.426138 0.0 0.478065
-18.331711 0.0 0.560703
-18.236755 0.0 0.642590
-18.141163 0.0 0.723816
-18.045263 0.0 0.804089
-17.948725 0.0 0.883694
-17.851654 0.0 0.962524
-17.754055 0.0 1.040581
-17.655813 0.0 1.117943
-17.557373 0.0 1.194263
-17.458179 0.0 1.269970
-17.358564 0.0 1.344799
-17.258530 0.0 1.418755
-17.157850 0.0 1.491993
-17.056635 0.0 1.564430
-16.955112 0.0 1.635906
-16.852943 0.0 1.706657
-16.750353 0.0 1.776520
-16.647455 0.0 1.845417
-16.543911 0.0 1.913586
-16.440058 0.0 1.980789
-16.335558 0.0 2.047249
-16.230637 0.0 2.112820
-16.125294 0.0 2.177505
-16.019533 0.0 2.241299
-15.913467 0.0 2.304134
-15.806868 0.0 2.366154
-15.699850 0.0 2.427284
-15.592413 0.0 2.487530
-15.484674 0.0 2.546829
-15.376287 0.0 2.605370
-15.267715 0.0 2.662903
-15.158846 0.0 2.719498
-15.049442 0.0 2.775272
-14.939625 0.0 2.830173
-14.829746 0.0 2.884029
-14.719219 0.0 2.937126
-14.608515 0.0 2.989246
-14.497517 0.0 3.040447
-14.386108 0.0 3.090786
-14.274290 0.0 3.140270
-14.162300 0.0 3.188793
-14.050020 0.0 3.236416
-13.937336 0.0 3.283195
-13.824482 0.0 3.329033
-13.711344 0.0 3.373985
-13.598040 0.0 3.418011
-13.484215 0.0 3.461254
-13.370348 0.0 3.503540
-13.256201 0.0 3.544960
-13.141775 0.0 3.585526
-13.027311 0.0 3.625160
-12.912333 0.0 3.664028
-12.797441 0.0 3.701942
-12.682158 0.0 3.739063
-12.566721 0.0 3.775318
-12.451260 0.0 3.810684
-12.335527 0.0 3.845242
-12.219532 0.0 3.878994
-12.103512 0.0 3.911880
-11.987230 0.0 3.943981
-11.870930 0.0 3.975231
-11.754494 0.0 4.005676
-11.637918 0.0 4.035324
-11.521090 0.0 4.064217
-11.404249 0.0 4.092293
-11.287155 0.0 4.119629
-11.170301 0.0 4.146114
-11.053074 0.0 4.171902
-10.935968 0.0 4.196892
-10.818617 0.0 4.221169
-10.701145 0.0 4.244717
-10.583677 0.0 4.267517
-10.466459 0.0 4.289539
-10.348883 0.0 4.310909
-10.231068 0.0 4.331604
-10.113388 0.0 4.351574
-9.995848 0.0 4.370827
-9.878199 0.0 4.389416
-9.760321 0.0 4.407364
-9.642586 0.0 4.424629
-9.524750 0.0 4.441254
-9.407063 0.0 4.457214
-9.289278 0.0 4.472553
-9.171396 0.0 4.487282
-9.053545 0.0 4.501389
-8.935976 0.0 4.514862
-8.817944 0.0 4.527790
-8.700195 0.0 4.540100
-8.582485 0.0 4.551834
-8.464817 0.0 4.562996
-8.347065 0.0 4.573608
-8.229359 0.0 4.583668
-8.111572 0.0 4.593197
-7.994083 0.0 4.602173
-7.876396 0.0 4.610645
-7.758762 0.0 4.618603
-7.641304 0.0 4.626045
-7.523781 0.0 4.632999
-7.406437 0.0 4.639462
-7.289028 0.0 4.645454
-7.171680 0.0 4.650978
-7.054272 0.0 4.656044
-6.937183 0.0 4.660652
-6.819904 0.0 4.664829
-6.702824 0.0 4.668568
-6.585815 0.0 4.671886
-6.468750 0.0 4.674789
-6.351761 0.0 4.677288
-6.234974 0.0 4.679386
-6.118141 0.0 4.681099
-6.001385 0.0 4.682430
-5.884586 0.0 4.683392
-5.767998 0.0 4.683987
-5.651367 0.0 4.684231
-5.534821 0.0 4.684128
-5.418621 0.0 4.683685
-5.302258 0.0 4.682915
-5.185986 0.0 4.681824
-5.069805 0.0 4.680416
-4.953468 0.0 4.678703
-4.837482 0.0 4.676697
-4.721470 0.0 4.674397
-4.605556 0.0 4.671818
-4.489620 0.0 4.668964
-4.373913 0.0 4.665848
-4.258312 0.0 4.662476
-4.142693 0.0 4.658848
-4.027054 0.0 4.654980
-3.911652 0.0 4.650879
-3.796364 0.0 4.646553
-3.680935 0.0 4.642002
-3.565746 0.0 4.637241
-3.450546 0.0 4.632275
-3.335468 0.0 4.627113
-3.220383 0.0 4.621758
-3.105545 0.0 4.616230
-2.990704 0.0 4.610523
-2.875732 0.0 4.604633
-2.761139 0.0 4.598602
-2.646423 0.0 4.592407
-2.531960 0.0 4.586075
-2.417503 0.0 4.579601
-2.303051 0.0 4.572990
-2.188732 0.0 4.566257
-2.074421 0.0 4.559402
-1.960121 0.0 4.552433
-1.846085 0.0 4.545368
-1.731934 0.0 4.538197
-1.617928 0.0 4.530941
-1.504059 0.0 4.523605
-1.390083 0.0 4.516178
-1.276379 0.0 4.508698
-1.162697 0.0 4.501148
-1.049164 0.0 4.493546
-0.935524 0.0 4.485886
-0.821911 0.0 4.478176
-0.708702 0.0 4.470455
-0.595268 0.0 4.462685
-0.481865 0.0 4.454887
-0.368618 0.0 4.447079
-0.255527 0.0 4.439270
-0.142345 0.0 4.431442
-0.029198 0.0 4.423618
0.083660 0.0 4.415821
0.196606 0.0 4.408028
0.309387 0.0 4.400265
0.422382 0.0 4.392513
0.535080 0.0 4.384815
0.647732 0.0 4.377155
0.760342 0.0 4.369545
0.872906 0.0 4.361988
0.985420 0.0 4.354496
1.097885 0.0 4.347069
1.210300 0.0 4.339718
1.322536 0.0 4.332455
1.434845 0.0 4.325275
1.547096 0.0 4.318188
1.659294 0.0 4.311203
1.771305 0.0 4.304333
1.883385 0.0 4.297573
1.995399 0.0 4.290932
2.107353 0.0 4.284420
2.219242 0.0 4.278042
2.331066 0.0 4.271809
2.442825 0.0 4.265720
2.554512 0.0 4.259789
2.666378 0.0 4.254009
2.777927 0.0 4.248409
2.889397 0.0 4.242981
3.001045 0.0 4.237728
3.112370 0.0 4.232674
3.223862 0.0 4.227806
3.335278 0.0 4.223137
3.446487 0.0 4.218685
3.557739 0.0 4.214447
3.669029 0.0 4.210426
3.780113 0.0 4.206638
3.891109 0.0 4.203087
4.002262 0.0 4.199772
4.113079 0.0 4.196716
4.224052 0.0 4.193913
4.334934 0.0 4.191372
4.445721 0.0 4.189102
4.556656 0.0 4.187107
4.667248 0.0 4.185402
4.777988 0.0 4.183987
4.888626 0.0 4.182873
4.999161 0.0 4.182064
5.109592 0.0 4.181572
5.220165 0.0 4.181396
5.330383 0.0 4.181553
5.440739 0.0 4.182041
5.550983 0.0 4.182877
5.661118 0.0 4.184059
5.771255 0.0 4.185596
5.881283 0.0 4.187504
5.991314 0.0 4.189781
6.101227 0.0 4.192440
6.211018 0.0 4.195484
6.320930 0.0 4.198925
6.430477 0.0 4.202763
6.540138 0.0 4.207016
6.649677 0.0 4.211681
6.759087 0.0 4.216774
6.868607 0.0 4.222305
6.977875 0.0 4.228268
7.087128 0.0 4.234684
7.196369 0.0 4.241558
7.305351 0.0 4.248882
7.414196 0.0 4.256676
7.523140 0.0 4.264961
7.631943 0.0 4.273727
7.740601 0.0 4.282986
7.849232 0.0 4.292747
7.957718 0.0 4.303017
8.066055 0.0 4.313797
8.174244 0.0 4.325096
8.282398 0.0 4.336933
8.390400 0.0 4.349304
8.498363 0.0 4.362232
8.606171 0.0 4.375710
8.713699 0.0 4.389729
8.821308 0.0 4.404343
8.928753 0.0 4.419529
9.036034 0.0 4.435295
9.142914 0.0 4.451611
9.249863 0.0 4.468555
9.356876 0.0 4.486137
9.463367 0.0 4.504272
9.569923 0.0 4.523064
9.676189 0.0 4.542454
9.782280 0.0 4.562477
9.888195 0.0 4.583134
9.994045 0.0 4.604458
10.099720 0.0 4.626438
10.205093 0.0 4.649048
10.310173 0.0 4.672302
10.415295 0.0 4.696278
10.519890 0.0 4.720852
10.624523 0.0 4.746166
10.728973 0.0 4.772175
10.833000 0.0 4.798824
10.936951 0.0 4.826210
11.040596 0.0 4.854279
11.143929 0.0 4.883034
11.247185 0.0 4.912548
11.350014 0.0 4.942726
11.452644 0.0 4.973644
11.554966 0.0 5.005268
11.657196 0.0 5.037682
11.758999 0.0 5.070778
11.860489 0.0 5.104599
11.961769 0.0 5.139187
12.062626 0.0 5.174469
12.163273 0.0 5.210529
12.263599 0.0 5.247337
12.363499 0.0 5.284847
12.463074 0.0 5.323109
12.562439 0.0 5.362167
12.661373 0.0 5.401947
12.759979 0.0 5.442486
12.858376 0.0 5.483837
12.956337 0.0 5.525917
13.053864 0.0 5.568722
13.150955 0.0 5.612251
13.247829 0.0 5.656616
13.344051 0.0 5.701607
13.440056 0.0 5.747437
13.535843 0.0 5.794106
13.630974 0.0 5.841408
13.725780 0.0 5.889503
13.820255 0.0 5.938393
13.914188 0.0 5.987968
14.007687 0.0 6.038284
14.100750 0.0 6.089340
14.193485 0.0 6.141197
14.285675 0.0 6.193741
14.377327 0.0 6.246960
14.468647 0.0 6.300987
14.559536 0.0 6.355751
14.649990 0.0 6.411263
14.739906 0.0 6.467449
14.829388 0.0 6.524372
14.918228 0.0 6.581902
15.006737 0.0 6.640236
15.094715 0.0 6.699238
15.182365 0.0 6.759045
15.269272 0.0 6.819374
15.355751 0.0 6.880428
15.441902 0.0 6.942287
15.527321 0.0 7.004654
15.612411 0.0 7.067818
15.696873 0.0 7.131550
15.780907 0.0 7.196003
15.864414 0.0 7.261093
15.947399 0.0 7.326820
16.029858 0.0 7.393173
16.111794 0.0 7.460155
16.193207 0.0 7.527760
16.274105 0.0 7.595978
16.354481 0.0 7.664810
16.434338 0.0 7.734249
16.513680 0.0 7.804287
16.592506 0.0 7.874928
16.670723 0.0 7.946068
16.748528 0.0 8.017883
16.825623 0.0 8.090099
16.902409 0.0 8.163074
16.978489 0.0 8.236431
17.054165 0.0 8.310448
17.129238 0.0 8.384926
17.203907 0.0 8.460056
17.277882 0.0 8.535534
17.351452 0.0 8.611652
17.424335 0.0 8.688099
17.496819 0.0 8.765179
17.568714 0.0 8.842674
17.640118 0.0 8.920681
17.711124 0.0 8.999302
17.781361 0.0 9.078106
17.851299 0.0 9.157619
17.920563 0.0 9.237404
17.989441 0.0 9.317776
18.057743 0.0 9.398514
18.125473 0.0 9.479607
18.192726 0.0 9.561157
18.259502 0.0 9.643162
18.325806 0.0 9.725609
18.391544 0.0 9.808380
18.456818 0.0 9.891582
18.521526 0.0 9.975090
18.585770 0.0 10.059017
18.649551 0.0 10.143349
18.712780 0.0 10.227962
18.775547 0.0 10.312969
18.837856 0.0 10.398365
18.899620 0.0 10.484013
18.960930 0.0 10.570034
19.021786 0.0 10.656418
19.082191 0.0 10.743164
19.142059 0.0 10.830128
19.201393 0.0 10.917305
19.260368 0.0 11.004944
19.318813 0.0 11.092781
19.376907 0.0 11.181068
19.434471 0.0 11.269535
19.491516 0.0 11.358170
19.548210 0.0 11.447239
19.604382 0.0 11.536461
19.660210 0.0 11.626102
19.715523 0.0 11.715878
19.770325 0.0 11.805782
19.824783 0.0 11.896084
19.878819 0.0 11.986641
19.932350 0.0 12.077297
19.985458 0.0 12.168190
20.038235 0.0 12.259457
20.090511 0.0 12.350800
20.142376 0.0 12.442356
20.193909 0.0 12.534271
20.244949 0.0 12.626232
20.295662 0.0 12.718540
20.345844 0.0 12.810806
20.395706 0.0 12.903400
20.445206 0.0 12.996243
20.494259 0.0 13.089172
20.542919 0.0 13.182259
20.591217 0.0 13.275570
20.639122 0.0 13.369026
20.686634 0.0 13.462616
20.733753 0.0 13.556332
20.780560 0.0 13.650330
20.826900 0.0 13.744278
20.873013 0.0 13.838657
20.918663 0.0 13.932976
20.963966 0.0 14.027466
21.008968 0.0 14.122211
21.053474 0.0 14.216782
21.097759 0.0 14.311760
21.141666 0.0 14.406803
21.185238 0.0 14.501991
21.228436 0.0 14.597229
21.271381 0.0 14.692768
21.313877 0.0 14.788177
21.356083 0.0 14.883785
21.397926 0.0 14.979420
21.439476 0.0 15.075249
21.480743 0.0 15.171268
21.521648 0.0 15.267292
21.562271 0.0 15.363491
21.602531 0.0 15.459682
21.642441 0.0 15.555859
21.682140 0.0 15.652378
21.721493 0.0 15.748871
21.760487 0.0 15.845329
21.799286 0.0 15.942120
21.837734 0.0 16.038860
21.875908 0.0 16.135738
21.913738 0.0 16.232555
21.951336 0.0 16.329594
21.988586 0.0 16.426559
22.025612 0.0 16.523735
22.062332 0.0 16.620922
22.098785 0.0 16.718212
22.134941 0.0 16.815506
22.170834 0.0 16.912895
22.206463 0.0 17.010368
22.241833 0.0 17.107929
22.276943 0.0 17.205566
22.311760 0.0 17.303181
22.346321 0.0 17.400864
22.380592 0.0 17.498508
22.414680 0.0 17.596416
22.448441 0.0 17.694176
22.482025 0.0 17.792191
22.515320 0.0 17.890148
22.548367 0.0 17.988144
22.581200 0.0 18.086281
22.613716 0.0 18.184242
22.646053 0.0 18.282440
22.678146 0.0 18.380657
22.709999 0.0 18.478897
22.741604 0.0 18.577148
22.773041 0.0 18.675621
22.804165 0.0 18.773884
22.835117 0.0 18.872364
22.865833 0.0 18.970837
22.896275 0.0 19.069195
22.926552 0.0 19.167759
22.956589 0.0 19.266304
22.986397 0.0 19.364826
23.016068 0.0 19.463657
23.045441 0.0 19.562233
23.074615 0.0 19.660889
23.103592 0.0 19.759617
23.132374 0.0 19.858414
23.160927 0.0 19.957169
23.189320 0.0 20.056095
23.217453 0.0 20.154854
23.245426 0.0 20.253780
23.273174 0.0 20.352646
23.300762 0.0 20.451675
23.328129 0.0 20.550636
23.355309 0.0 20.649635
23.382263 0.0 20.748558
23.409100 0.0 20.847748
23.435715 0.0 20.946850
23.462109 0.0 21.045864
23.488354 0.0 21.145020
23.514412 0.0 21.244194
23.540257 0.0 21.343269
23.565983 0.0 21.442596
23.591492 0.0 21.541817
23.616825 0.0 21.641045
23.641972 0.0 21.740276
23.666973 0.0 21.839630
23.691765 0.0 21.938862
23.716408 0.0 22.038208
23.740906 0.0 22.137669
23.765198 0.0 22.236996
23.789341 0.0 22.336433
23.813313 0.0 22.435852
23.837135 0.0 22.535374
23.860790 0.0 22.634876
23.884270 0.0 22.734348
23.907604 0.0 22.833916
23.930740 0.0 22.933327
23.953796 0.0 23.033081
23.976650 0.0 23.132671
23.999336 0.0 23.232216
24.021881 0.0 23.331848
24.044289 0.0 23.431561
24.066498 0.0 23.531090
24.088600 0.0 23.630829
24.110542 0.0 23.730511
24.132370 0.0 23.830391
24.154007 0.0 23.930084
24.175507 0.0 24.029839
24.196877 0.0 24.129662
24.218079 0.0 24.229416
24.239174 0.0 24.329353
24.260117 0.0 24.429222
24.280891 0.0 24.529015
24.301567 0.0 24.628990
24.322052 0.0 24.728745
24.342468 0.0 24.828819
24.362724 0.0 24.928802
24.382820 0.0 25.028702
24.402817 0.0 25.128769
24.422676 0.0 25.228882
24.442390 0.0 25.328896
24.461975 0.0 25.428940
24.481430 0.0 25.529015
24.500763 0.0 25.629128
24.519966 0.0 25.729263
24.539047 0.0 25.829430
24.557999 0.0 25.929619
24.576828 0.0 26.029823
24.595535 0.0 26.130058
24.614120 0.0 26.230309
24.632576 0.0 26.330574
24.650917 0.0 26.430847
24.669128 0.0 26.531143
24.687225 0.0 26.631439
24.705193 0.0 26.731750
24.723076 0.0 26.832207
24.740829 0.0 26.932663
24.758446 0.0 27.032990
24.775986 0.0 27.133591
24.793388 0.0 27.234055
24.810669 0.0 27.334518
24.827858 0.0 27.435112
24.844902 0.0 27.535561
24.861862 0.0 27.636139
24.878723 0.0 27.736855
24.895447 0.0 27.837410
24.912079 0.0 27.938103
24.928589 0.0 28.038773
24.944992 0.0 28.139427
24.961304 0.0 28.240204
24.977509 0.0 28.340965
24.993591 0.0 28.441696
25.009590 0.0 28.542557
25.025475 0.0 28.643387
25.041267 0.0 28.744339
25.056953 0.0 28.845261
25.072525 0.0 28.946144
25.088013 0.0 29.047150
25.103386 0.0 29.148117
25.118652 0.0 29.249054
25.133850 0.0 29.350250
25.148926 0.0 29.451248
25.163910 0.0 29.552361
25.178787 0.0 29.653427
25.193596 0.0 29.754753
25.208305 0.0 29.856033
25.222885 0.0 29.957115
25.237396 0.0 30.058449
25.251831 0.0 30.159889
25.266129 0.0 30.261116
25.280373 0.0 30.362602
25.294487 0.0 30.463867
25.308517 0.0 30.565239
25.322495 0.0 30.666855
25.336357 0.0 30.768417
25.350121 0.0 30.869911
25.363808 0.0 30.971504
25.377388 0.0 31.073021
25.390907 0.0 31.174797
25.404327 0.0 31.276497
25.417641 0.0 31.378128
25.430901 0.0 31.480003
25.444054 0.0 31.581810
25.457115 0.0 31.683533
25.470108 0.0 31.785507
25.483009 0.0 31.887398
25.495827 0.0 31.989372
25.508545 0.0 32.091270
